1.5708,0,0+0i,0,0,1,Hb
1.5708,0,0+0i,0,0.016667,1,Hb
-1.5708,1.9237e-16,1.9237e-16+0i,0,0.033333,1,Hb
-1.5708,1.9237e-16,1.9237e-16+0i,0,0.05,1,Hb
-1.5708,1.9237e-16,1.9237e-16+0i,0,0.066667,1,Hb
-1.5708,1.9237e-16,1.9237e-16+0i,0,0.083333,1,Hb
-1.5708,1.9237e-16,1.9237e-16+0i,0,0.1,1,Hb
-1.5708,1.9237e-16,1.9237e-16+0i,0,0.11667,1,Hb
-1.5708,1.9237e-16,1.9237e-16+0i,0,0.13333,1,Hb
-1.5708,1.9237e-16,1.9237e-16+0i,0,0.15,1,Hb
-1.5708,1.9237e-16,1.9237e-16+0i,0,0.16667,1,Hb
-1.5708,1.9237e-16,1.9237e-16+0i,0,0.18333,1,Hb
1.5708,0,0+0i,0,0.2,1,Hb
1.5708,0,0+0i,0,0.21667,1,Hb
1.5708,0,0+0i,0,0.23333,1,Hb
1.5708,0,0+0i,0,0.25,1,Hb
1.5708,0,0+0i,0,0.26667,1,Hb
1.5708,0,0+0i,0,0.28333,1,Hb
1.5708,0,0+0i,0,0.3,1,Hb
1.5708,0,0+0i,0,0.31667,1,Hb
1.5708,0,0+0i,0,0.33333,1,Hb
1.5708,0,0+0i,0,0.35,1,Hb
1.5708,0,0+0i,0,0.36667,1,Hb
1.5708,0,0+0i,0,0.38333,1,Hb
1.5708,0,0+0i,0,0.4,1,Hb
1.5708,0,0+0i,0,0.41667,1,Hb
1.5708,0,0+0i,0,0.43333,1,Hb
1.5708,0,0+0i,0,0.45,1,Hb
1.5708,0,0+0i,0,0.46667,1,Hb
1.5708,0,0+0i,0,0.48333,1,Hb
1.5708,0,0+0i,0,0.5,1,Hb
1.5708,0,0+0i,0,0.51667,1,Hb
-1.5708,1.9237e-16,1.9237e-16+0i,0,0.53333,1,Hb
-1.5708,1.9237e-16,1.9237e-16+0i,0,0.55,1,Hb
-1.5708,1.9237e-16,1.9237e-16+0i,0,0.56667,1,Hb
-1.5708,1.9237e-16,1.9237e-16+0i,0,0.58333,1,Hb
-1.5708,1.9237e-16,1.9237e-16+0i,0,0.6,1,Hb
-1.5708,1.9237e-16,1.9237e-16+0i,0,0.61667,1,Hb
-1.5708,1.9237e-16,1.9237e-16+0i,0,0.63333,1,Hb
-1.5708,1.9237e-16,1.9237e-16+0i,0,0.65,1,Hb
-1.5708,1.9237e-16,1.9237e-16+0i,0,0.66667,1,Hb
-1.5708,1.9237e-16,1.9237e-16+0i,0,0.68333,1,Hb
1.5708,0,0+0i,0,0.7,1,Hb
1.5708,0,0+0i,0,0.71667,1,Hb
1.5708,0,0+0i,0,0.73333,1,Hb
1.5708,0,0+0i,0,0.75,1,Hb
1.5708,0,0+0i,0,0.76667,1,Hb
1.5708,0,0+0i,0,0.78333,1,Hb
1.5708,0,0+0i,0,0.8,1,Hb
1.5708,0,0+0i,0,0.81667,1,Hb
1.5708,0,0+0i,0,0.83333,1,Hb
1.5708,0,0+0i,0,0.85,1,Hb
1.5708,0,0+0i,0,0.86667,1,Hb
1.5708,0,0+0i,0,0.88333,1,Hb
1.5708,0,0+0i,0,0.9,1,Hb
1.5708,0,0+0i,0,0.91667,1,Hb
1.5708,0,0+0i,0,0.93333,1,Hb
1.5708,0,0+0i,0,0.95,1,Hb
1.5708,0,0+0i,0,0.96667,1,Hb
1.5708,0,0+0i,0,0.98333,1,Hb
1.5708,0,0+0i,0,0,2,Hb
1.5708,0,0+0i,0,0.016667,2,Hb
1.5708,0,0+0i,0,0.033333,2,Hb
-1.5708,1.9237e-16,1.9237e-16+0i,0,0.05,2,Hb
-1.5708,1.9237e-16,1.9237e-16+0i,0,0.066667,2,Hb
-1.5708,1.9237e-16,1.9237e-16+0i,0,0.083333,2,Hb
-1.5708,1.9237e-16,1.9237e-16+0i,0,0.1,2,Hb
-0.080216,1.5687,1.5708-1.0215i,0.02,0.11667,2,Hb
1.5708,0,0+0i,0,0.13333,2,Hb
1.5708,0,0+0i,0,0.15,2,Hb
1.5708,0,0+0i,0,0.16667,2,Hb
1.5708,0,0+0i,0,0.18333,2,Hb
1.5708,0,0+0i,0,0.2,2,Hb
1.5708,0,0+0i,0,0.21667,2,Hb
1.5708,0,0+0i,0,0.23333,2,Hb
1.5708,0,0+0i,0,0.25,2,Hb
1.5708,0,0+0i,0,0.26667,2,Hb
1.5708,0,0+0i,0,0.28333,2,Hb
1.5708,0,0+0i,0,0.3,2,Hb
1.5708,0,0+0i,0,0.31667,2,Hb
1.5708,0,0+0i,0,0.33333,2,Hb
1.5708,0,0+0i,0,0.35,2,Hb
1.5708,0,0+0i,0,0.36667,2,Hb
1.5708,0,0+0i,0,0.38333,2,Hb
1.5708,0,0+0i,0,0.4,2,Hb
1.5708,0,0+0i,0,0.41667,2,Hb
1.5708,0,0+0i,0,0.43333,2,Hb
1.5708,0,0+0i,0,0.45,2,Hb
1.5708,0,0+0i,0,0.46667,2,Hb
1.5708,0,0+0i,0,0.48333,2,Hb
1.5708,0,0+0i,0,0.5,2,Hb
1.5708,0,0+0i,0,0.51667,2,Hb
1.5708,0,0+0i,0,0.53333,2,Hb
-1.5708,1.9237e-16,1.9237e-16+0i,0,0.55,2,Hb
-1.5708,1.9237e-16,1.9237e-16+0i,0,0.56667,2,Hb
-1.5708,1.9237e-16,1.9237e-16+0i,0,0.58333,2,Hb
-1.5708,1.9237e-16,1.9237e-16+0i,0,0.6,2,Hb
-0.44953,1.5051,1.5708-0.96697i,0.02,0.61667,2,Hb
1.5708,0,0+0i,0,0.63333,2,Hb
1.5708,0,0+0i,0,0.65,2,Hb
1.5708,0,0+0i,0,0.66667,2,Hb
1.5708,0,0+0i,0,0.68333,2,Hb
1.5708,0,0+0i,0,0.7,2,Hb
1.5708,0,0+0i,0,0.71667,2,Hb
1.5708,0,0+0i,0,0.73333,2,Hb
1.5708,0,0+0i,0,0.75,2,Hb
1.5708,0,0+0i,0,0.76667,2,Hb
1.5708,0,0+0i,0,0.78333,2,Hb
1.5708,0,0+0i,0,0.8,2,Hb
1.5708,0,0+0i,0,0.81667,2,Hb
1.5708,0,0+0i,0,0.83333,2,Hb
1.5708,0,0+0i,0,0.85,2,Hb
1.5708,0,0+0i,0,0.86667,2,Hb
1.5708,0,0+0i,0,0.88333,2,Hb
1.5708,0,0+0i,0,0.9,2,Hb
1.5708,0,0+0i,0,0.91667,2,Hb
1.5708,0,0+0i,0,0.93333,2,Hb
1.5708,0,0+0i,0,0.95,2,Hb
1.5708,0,0+0i,0,0.96667,2,Hb
1.5708,0,0+0i,0,0.98333,2,Hb
1.5708,0,0+0i,0,0,3,Hb
-1.5708,1.9237e-16,1.9237e-16+0i,0,0.016667,3,Hb
0.51731,1.4832,1.5708-0.94721i,0.02,0.033333,3,Hb
1.5708,0,0+0i,0,0.05,3,Hb
1.5708,0,0+0i,0,0.066667,3,Hb
1.5708,0,0+0i,0,0.083333,3,Hb
1.5708,0,0+0i,0,0.1,3,Hb
1.5708,0,0+0i,0,0.11667,3,Hb
1.5708,0,0+0i,0,0.13333,3,Hb
1.5708,0,0+0i,0,0.15,3,Hb
1.5708,0,0+0i,0,0.16667,3,Hb
1.5708,0,0+0i,0,0.18333,3,Hb
1.5708,0,0+0i,0,0.2,3,Hb
1.5708,0,0+0i,0,0.21667,3,Hb
1.5708,0,0+0i,0,0.23333,3,Hb
1.5708,0,0+0i,0,0.25,3,Hb
1.5708,0,0+0i,0,0.26667,3,Hb
1.5708,0,0+0i,0,0.28333,3,Hb
1.5708,0,0+0i,0,0.3,3,Hb
1.5708,0,0+0i,0,0.31667,3,Hb
1.5708,0,0+0i,0,0.33333,3,Hb
1.5708,0,0+0i,0,0.35,3,Hb
1.5708,0,0+0i,0,0.36667,3,Hb
1.5708,0,0+0i,0,0.38333,3,Hb
1.5708,0,0+0i,0,0.4,3,Hb
1.5708,0,0+0i,0,0.41667,3,Hb
1.5708,0,0+0i,0,0.43333,3,Hb
1.5708,0,0+0i,0,0.45,3,Hb
1.5708,0,0+0i,0,0.46667,3,Hb
1.5708,0,0+0i,0,0.48333,3,Hb
1.5708,0,0+0i,0,0.5,3,Hb
-1.5708,1.9237e-16,1.9237e-16+0i,0,0.51667,3,Hb
0.41796,1.5142,1.5708-0.97499i,0.02,0.53333,3,Hb
1.5708,0,0+0i,0,0.55,3,Hb
1.5708,0,0+0i,0,0.56667,3,Hb
1.5708,0,0+0i,0,0.58333,3,Hb
1.5708,0,0+0i,0,0.6,3,Hb
1.5708,0,0+0i,0,0.61667,3,Hb
1.5708,0,0+0i,0,0.63333,3,Hb
1.5708,0,0+0i,0,0.65,3,Hb
1.5708,0,0+0i,0,0.66667,3,Hb
1.5708,0,0+0i,0,0.68333,3,Hb
1.5708,0,0+0i,0,0.7,3,Hb
1.5708,0,0+0i,0,0.71667,3,Hb
1.5708,0,0+0i,0,0.73333,3,Hb
1.5708,0,0+0i,0,0.75,3,Hb
1.5708,0,0+0i,0,0.76667,3,Hb
1.5708,0,0+0i,0,0.78333,3,Hb
1.5708,0,0+0i,0,0.8,3,Hb
1.5708,0,0+0i,0,0.81667,3,Hb
1.5708,0,0+0i,0,0.83333,3,Hb
1.5708,0,0+0i,0,0.85,3,Hb
1.5708,0,0+0i,0,0.86667,3,Hb
1.5708,0,0+0i,0,0.88333,3,Hb
1.5708,0,0+0i,0,0.9,3,Hb
1.5708,0,0+0i,0,0.91667,3,Hb
1.5708,0,0+0i,0,0.93333,3,Hb
1.5708,0,0+0i,0,0.95,3,Hb
1.5708,0,0+0i,0,0.96667,3,Hb
1.5708,0,0+0i,0,0.98333,3,Hb
1.5708,0,0+0i,0,0,4,Hb
1.3548,-0.79501,-0.91903+0i,0.02,0.016667,4,Hb
1.5708,0,0+0i,0,0.033333,4,Hb
1.5708,0,0+0i,0,0.05,4,Hb
1.5708,0,0+0i,0,0.066667,4,Hb
1.5708,0,0+0i,0,0.083333,4,Hb
1.5708,0,0+0i,0,0.1,4,Hb
1.5708,0,0+0i,0,0.11667,4,Hb
1.5708,0,0+0i,0,0.13333,4,Hb
1.5708,0,0+0i,0,0.15,4,Hb
1.5708,0,0+0i,0,0.16667,4,Hb
1.5708,0,0+0i,0,0.18333,4,Hb
1.5708,0,0+0i,0,0.2,4,Hb
1.5708,0,0+0i,0,0.21667,4,Hb
1.5708,0,0+0i,0,0.23333,4,Hb
1.5708,0,0+0i,0,0.25,4,Hb
1.5708,0,0+0i,0,0.26667,4,Hb
1.5708,0,0+0i,0,0.28333,4,Hb
1.5708,0,0+0i,0,0.3,4,Hb
1.5708,0,0+0i,0,0.31667,4,Hb
1.5708,0,0+0i,0,0.33333,4,Hb
1.5708,0,0+0i,0,0.35,4,Hb
1.5708,0,0+0i,0,0.36667,4,Hb
1.5708,0,0+0i,0,0.38333,4,Hb
1.5708,0,0+0i,0,0.4,4,Hb
1.5708,0,0+0i,0,0.41667,4,Hb
1.5708,0,0+0i,0,0.43333,4,Hb
1.5708,0,0+0i,0,0.45,4,Hb
1.5708,0,0+0i,0,0.46667,4,Hb
1.5708,0,0+0i,0,0.48333,4,Hb
1.5708,0,0+0i,0,0.5,4,Hb
1.3917,-0.72843,-0.81603+0i,0.02,0.51667,4,Hb
1.5708,0,0+0i,0,0.53333,4,Hb
1.5708,0,0+0i,0,0.55,4,Hb
1.5708,0,0+0i,0,0.56667,4,Hb
1.5708,0,0+0i,0,0.58333,4,Hb
1.5708,0,0+0i,0,0.6,4,Hb
1.5708,0,0+0i,0,0.61667,4,Hb
1.5708,0,0+0i,0,0.63333,4,Hb
1.5708,0,0+0i,0,0.65,4,Hb
1.5708,0,0+0i,0,0.66667,4,Hb
1.5708,0,0+0i,0,0.68333,4,Hb
1.5708,0,0+0i,0,0.7,4,Hb
1.5708,0,0+0i,0,0.71667,4,Hb
1.5708,0,0+0i,0,0.73333,4,Hb
1.5708,0,0+0i,0,0.75,4,Hb
1.5708,0,0+0i,0,0.76667,4,Hb
1.5708,0,0+0i,0,0.78333,4,Hb
1.5708,0,0+0i,0,0.8,4,Hb
1.5708,0,0+0i,0,0.81667,4,Hb
1.5708,0,0+0i,0,0.83333,4,Hb
1.5708,0,0+0i,0,0.85,4,Hb
1.5708,0,0+0i,0,0.86667,4,Hb
1.5708,0,0+0i,0,0.88333,4,Hb
1.5708,0,0+0i,0,0.9,4,Hb
1.5708,0,0+0i,0,0.91667,4,Hb
1.5708,0,0+0i,0,0.93333,4,Hb
1.5708,0,0+0i,0,0.95,4,Hb
1.5708,0,0+0i,0,0.96667,4,Hb
1.5708,0,0+0i,0,0.98333,4,Hb
1.5708,0,0+0i,0,0,5,Hb
1.5708,0,0+0i,0,0.016667,5,Hb
-1.5708,1.9237e-16,1.9237e-16+0i,0,0.033333,5,Hb
-1.5708,1.9237e-16,1.9237e-16+0i,0,0.05,5,Hb
-1.5708,1.9237e-16,1.9237e-16+0i,0,0.066667,5,Hb
-1.5708,1.9237e-16,1.9237e-16+0i,0,0.083333,5,Hb
-1.5708,1.9237e-16,1.9237e-16+0i,0,0.1,5,Hb
-1.5708,1.9237e-16,1.9237e-16+0i,0,0.11667,5,Hb
-1.5708,1.9237e-16,1.9237e-16+0i,0,0.13333,5,Hb
-1.5708,1.9237e-16,1.9237e-16+0i,0,0.15,5,Hb
-1.5708,1.9237e-16,1.9237e-16+0i,0,0.16667,5,Hb
1.5708,0,0+0i,0,0.18333,5,Hb
1.5708,0,0+0i,0,0.2,5,Hb
1.5708,0,0+0i,0,0.21667,5,Hb
1.5708,0,0+0i,0,0.23333,5,Hb
1.5708,0,0+0i,0,0.25,5,Hb
1.5708,0,0+0i,0,0.26667,5,Hb
1.5708,0,0+0i,0,0.28333,5,Hb
1.5708,0,0+0i,0,0.3,5,Hb
1.5708,0,0+0i,0,0.31667,5,Hb
1.5708,0,0+0i,0,0.33333,5,Hb
1.5708,0,0+0i,0,0.35,5,Hb
1.5708,0,0+0i,0,0.36667,5,Hb
1.5708,0,0+0i,0,0.38333,5,Hb
1.5708,0,0+0i,0,0.4,5,Hb
1.5708,0,0+0i,0,0.41667,5,Hb
1.5708,0,0+0i,0,0.43333,5,Hb
1.5708,0,0+0i,0,0.45,5,Hb
1.5708,0,0+0i,0,0.46667,5,Hb
1.5708,0,0+0i,0,0.48333,5,Hb
1.5708,0,0+0i,0,0.5,5,Hb
1.5708,0,0+0i,0,0.51667,5,Hb
-1.5708,1.9237e-16,1.9237e-16+0i,0,0.53333,5,Hb
-1.5708,1.9237e-16,1.9237e-16+0i,0,0.55,5,Hb
-1.5708,1.9237e-16,1.9237e-16+0i,0,0.56667,5,Hb
-1.5708,1.9237e-16,1.9237e-16+0i,0,0.58333,5,Hb
-1.5708,1.9237e-16,1.9237e-16+0i,0,0.6,5,Hb
-1.5708,1.9237e-16,1.9237e-16+0i,0,0.61667,5,Hb
-1.5708,1.9237e-16,1.9237e-16+0i,0,0.63333,5,Hb
-1.5708,1.9237e-16,1.9237e-16+0i,0,0.65,5,Hb
-1.5708,1.9237e-16,1.9237e-16+0i,0,0.66667,5,Hb
1.5708,0,0+0i,0,0.68333,5,Hb
1.5708,0,0+0i,0,0.7,5,Hb
1.5708,0,0+0i,0,0.71667,5,Hb
1.5708,0,0+0i,0,0.73333,5,Hb
1.5708,0,0+0i,0,0.75,5,Hb
1.5708,0,0+0i,0,0.76667,5,Hb
1.5708,0,0+0i,0,0.78333,5,Hb
1.5708,0,0+0i,0,0.8,5,Hb
1.5708,0,0+0i,0,0.81667,5,Hb
1.5708,0,0+0i,0,0.83333,5,Hb
1.5708,0,0+0i,0,0.85,5,Hb
1.5708,0,0+0i,0,0.86667,5,Hb
1.5708,0,0+0i,0,0.88333,5,Hb
1.5708,0,0+0i,0,0.9,5,Hb
1.5708,0,0+0i,0,0.91667,5,Hb
1.5708,0,0+0i,0,0.93333,5,Hb
1.5708,0,0+0i,0,0.95,5,Hb
1.5708,0,0+0i,0,0.96667,5,Hb
1.5708,0,0+0i,0,0.98333,5,Hb
1.5708,0,0+0i,0,0,6,Hb
1.5708,0,0+0i,0,0.016667,6,Hb
1.5708,0,0+0i,0,0.033333,6,Hb
1.5708,0,0+0i,0,0.05,6,Hb
-1.5708,1.9237e-16,1.9237e-16+0i,0,0.066667,6,Hb
-1.5708,1.9237e-16,1.9237e-16+0i,0,0.083333,6,Hb
1.5708,0,0+0i,0,0.1,6,Hb
1.5708,0,0+0i,0,0.11667,6,Hb
1.5708,0,0+0i,0,0.13333,6,Hb
1.5708,0,0+0i,0,0.15,6,Hb
1.5708,0,0+0i,0,0.16667,6,Hb
1.5708,0,0+0i,0,0.18333,6,Hb
1.5708,0,0+0i,0,0.2,6,Hb
1.5708,0,0+0i,0,0.21667,6,Hb
1.5708,0,0+0i,0,0.23333,6,Hb
1.5708,0,0+0i,0,0.25,6,Hb
1.5708,0,0+0i,0,0.26667,6,Hb
1.5708,0,0+0i,0,0.28333,6,Hb
1.5708,0,0+0i,0,0.3,6,Hb
1.5708,0,0+0i,0,0.31667,6,Hb
1.5708,0,0+0i,0,0.33333,6,Hb
1.5708,0,0+0i,0,0.35,6,Hb
1.5708,0,0+0i,0,0.36667,6,Hb
1.5708,0,0+0i,0,0.38333,6,Hb
1.5708,0,0+0i,0,0.4,6,Hb
1.5708,0,0+0i,0,0.41667,6,Hb
1.5708,0,0+0i,0,0.43333,6,Hb
1.5708,0,0+0i,0,0.45,6,Hb
1.5708,0,0+0i,0,0.46667,6,Hb
1.5708,0,0+0i,0,0.48333,6,Hb
1.5708,0,0+0i,0,0.5,6,Hb
1.5708,0,0+0i,0,0.51667,6,Hb
1.5708,0,0+0i,0,0.53333,6,Hb
1.5708,0,0+0i,0,0.55,6,Hb
-1.5708,1.9237e-16,1.9237e-16+0i,0,0.56667,6,Hb
-1.5708,1.9237e-16,1.9237e-16+0i,0,0.58333,6,Hb
1.5708,0,0+0i,0,0.6,6,Hb
1.5708,0,0+0i,0,0.61667,6,Hb
1.5708,0,0+0i,0,0.63333,6,Hb
1.5708,0,0+0i,0,0.65,6,Hb
1.5708,0,0+0i,0,0.66667,6,Hb
1.5708,0,0+0i,0,0.68333,6,Hb
1.5708,0,0+0i,0,0.7,6,Hb
1.5708,0,0+0i,0,0.71667,6,Hb
1.5708,0,0+0i,0,0.73333,6,Hb
1.5708,0,0+0i,0,0.75,6,Hb
1.5708,0,0+0i,0,0.76667,6,Hb
1.5708,0,0+0i,0,0.78333,6,Hb
1.5708,0,0+0i,0,0.8,6,Hb
1.5708,0,0+0i,0,0.81667,6,Hb
1.5708,0,0+0i,0,0.83333,6,Hb
1.5708,0,0+0i,0,0.85,6,Hb
1.5708,0,0+0i,0,0.86667,6,Hb
1.5708,0,0+0i,0,0.88333,6,Hb
1.5708,0,0+0i,0,0.9,6,Hb
1.5708,0,0+0i,0,0.91667,6,Hb
1.5708,0,0+0i,0,0.93333,6,Hb
1.5708,0,0+0i,0,0.95,6,Hb
1.5708,0,0+0i,0,0.96667,6,Hb
1.5708,0,0+0i,0,0.98333,6,Hb
1.5708,0,0+0i,0,0,7,Hb
-1.5708,1.9237e-16,1.9237e-16+0i,0,0.033333,7,Hb
-0.56833,1.4644,1.5708-0.92986i,0.02,0.05,7,Hb
1.5708,0,0+0i,0,0.066667,7,Hb
1.5708,0,0+0i,0,0.083333,7,Hb
1.5708,0,0+0i,0,0.1,7,Hb
1.5708,0,0+0i,0,0.11667,7,Hb
1.5708,0,0+0i,0,0.13333,7,Hb
1.5708,0,0+0i,0,0.15,7,Hb
1.5708,0,0+0i,0,0.16667,7,Hb
1.5708,0,0+0i,0,0.18333,7,Hb
1.5708,0,0+0i,0,0.2,7,Hb
1.5708,0,0+0i,0,0.21667,7,Hb
1.5708,0,0+0i,0,0.23333,7,Hb
1.5708,0,0+0i,0,0.25,7,Hb
1.5708,0,0+0i,0,0.26667,7,Hb
1.5708,0,0+0i,0,0.28333,7,Hb
1.5708,0,0+0i,0,0.3,7,Hb
1.5708,0,0+0i,0,0.31667,7,Hb
1.5708,0,0+0i,0,0.33333,7,Hb
1.5708,0,0+0i,0,0.35,7,Hb
1.5708,0,0+0i,0,0.36667,7,Hb
1.5708,0,0+0i,0,0.38333,7,Hb
1.5708,0,0+0i,0,0.4,7,Hb
1.5708,0,0+0i,0,0.41667,7,Hb
1.5708,0,0+0i,0,0.43333,7,Hb
1.5708,0,0+0i,0,0.45,7,Hb
1.5708,0,0+0i,0,0.46667,7,Hb
1.5708,0,0+0i,0,0.48333,7,Hb
1.5708,0,0+0i,0,0.5,7,Hb
-1.5708,1.9237e-16,1.9237e-16+0i,0,0.53333,7,Hb
1.5708,0,0+0i,0,0.55,7,Hb
1.5708,0,0+0i,0,0.56667,7,Hb
1.5708,0,0+0i,0,0.58333,7,Hb
1.5708,0,0+0i,0,0.6,7,Hb
1.5708,0,0+0i,0,0.61667,7,Hb
1.5708,0,0+0i,0,0.63333,7,Hb
1.5708,0,0+0i,0,0.65,7,Hb
1.5708,0,0+0i,0,0.66667,7,Hb
1.5708,0,0+0i,0,0.68333,7,Hb
1.5708,0,0+0i,0,0.7,7,Hb
1.5708,0,0+0i,0,0.71667,7,Hb
1.5708,0,0+0i,0,0.73333,7,Hb
1.5708,0,0+0i,0,0.75,7,Hb
1.5708,0,0+0i,0,0.76667,7,Hb
1.5708,0,0+0i,0,0.78333,7,Hb
1.5708,0,0+0i,0,0.8,7,Hb
1.5708,0,0+0i,0,0.81667,7,Hb
1.5708,0,0+0i,0,0.83333,7,Hb
1.5708,0,0+0i,0,0.85,7,Hb
1.5708,0,0+0i,0,0.86667,7,Hb
1.5708,0,0+0i,0,0.88333,7,Hb
1.5708,0,0+0i,0,0.9,7,Hb
1.5708,0,0+0i,0,0.91667,7,Hb
1.5708,0,0+0i,0,0.93333,7,Hb
1.5708,0,0+0i,0,0.95,7,Hb
1.5708,0,0+0i,0,0.96667,7,Hb
1.5708,0,0+0i,0,0.98333,7,Hb
1.5708,0,0+0i,0,0,8,HbO2
1.5708,0,0+0i,0,0.016667,8,HbO2
1.5708,0,0+0i,0,0.033333,8,HbO2
1.5708,0,0+0i,0,0.05,8,HbO2
1.5708,0,0+0i,0,0.066667,8,HbO2
1.5708,0,0+0i,0,0.083333,8,HbO2
1.5708,0,0+0i,0,0.1,8,HbO2
1.5708,0,0+0i,0,0.11667,8,HbO2
1.5708,0,0+0i,0,0.13333,8,HbO2
1.5708,0,0+0i,0,0.15,8,HbO2
1.5708,0,0+0i,0,0.16667,8,HbO2
1.5708,0,0+0i,0,0.18333,8,HbO2
1.5708,0,0+0i,0,0.2,8,HbO2
1.5708,0,0+0i,0,0.21667,8,HbO2
1.5708,0,0+0i,0,0.23333,8,HbO2
1.5708,0,0+0i,0,0.25,8,HbO2
1.5708,0,0+0i,0,0.26667,8,HbO2
1.5708,0,0+0i,0,0.28333,8,HbO2
1.5708,0,0+0i,0,0.3,8,HbO2
1.5708,0,0+0i,0,0.31667,8,HbO2
1.5708,0,0+0i,0,0.33333,8,HbO2
1.5708,0,0+0i,0,0.35,8,HbO2
1.5708,0,0+0i,0,0.36667,8,HbO2
1.5708,0,0+0i,0,0.38333,8,HbO2
1.5708,0,0+0i,0,0.4,8,HbO2
1.5708,0,0+0i,0,0.41667,8,HbO2
1.5708,0,0+0i,0,0.43333,8,HbO2
1.5708,0,0+0i,0,0.45,8,HbO2
1.5708,0,0+0i,0,0.46667,8,HbO2
1.5708,0,0+0i,0,0.48333,8,HbO2
1.5708,0,0+0i,0,0.5,8,HbO2
1.5708,0,0+0i,0,0.51667,8,HbO2
1.5708,0,0+0i,0,0.53333,8,HbO2
1.5708,0,0+0i,0,0.55,8,HbO2
1.5708,0,0+0i,0,0.56667,8,HbO2
1.5708,0,0+0i,0,0.58333,8,HbO2
1.5708,0,0+0i,0,0.6,8,HbO2
1.5708,0,0+0i,0,0.61667,8,HbO2
1.5708,0,0+0i,0,0.63333,8,HbO2
1.5708,0,0+0i,0,0.65,8,HbO2
1.5708,0,0+0i,0,0.66667,8,HbO2
1.5708,0,0+0i,0,0.68333,8,HbO2
1.5708,0,0+0i,0,0.7,8,HbO2
1.5708,0,0+0i,0,0.71667,8,HbO2
1.5708,0,0+0i,0,0.73333,8,HbO2
1.5708,0,0+0i,0,0.75,8,HbO2
1.5708,0,0+0i,0,0.76667,8,HbO2
1.5708,0,0+0i,0,0.78333,8,HbO2
1.5708,0,0+0i,0,0.8,8,HbO2
1.5708,0,0+0i,0,0.81667,8,HbO2
1.5708,0,0+0i,0,0.83333,8,HbO2
1.5708,0,0+0i,0,0.85,8,HbO2
1.5708,0,0+0i,0,0.86667,8,HbO2
1.5708,0,0+0i,0,0.88333,8,HbO2
1.5708,0,0+0i,0,0.9,8,HbO2
1.5708,0,0+0i,0,0.91667,8,HbO2
1.5708,0,0+0i,0,0.93333,8,HbO2
1.5708,0,0+0i,0,0.95,8,HbO2
1.5708,0,0+0i,0,0.96667,8,HbO2
1.5708,0,0+0i,0,0.98333,8,HbO2
1.5708,0,0+0i,0,0,9,HbO2
1.5708,0,0+0i,0,0.016667,9,HbO2
-1.5708,1.9237e-16,1.9237e-16+0i,0,0.033333,9,HbO2
-1.5708,1.9237e-16,1.9237e-16+0i,0,0.05,9,HbO2
-1.5708,1.9237e-16,1.9237e-16+0i,0,0.066667,9,HbO2
-1.5708,1.9237e-16,1.9237e-16+0i,0,0.083333,9,HbO2
-1.5708,1.9237e-16,1.9237e-16+0i,0,0.1,9,HbO2
-1.5708,1.9237e-16,1.9237e-16+0i,0,0.11667,9,HbO2
-1.5708,1.9237e-16,1.9237e-16+0i,0,0.13333,9,HbO2
-1.5708,1.9237e-16,1.9237e-16+0i,0,0.15,9,HbO2
-1.5708,1.9237e-16,1.9237e-16+0i,0,0.16667,9,HbO2
1.5708,0,0+0i,0,0.18333,9,HbO2
1.5708,0,0+0i,0,0.2,9,HbO2
1.5708,0,0+0i,0,0.21667,9,HbO2
1.5708,0,0+0i,0,0.23333,9,HbO2
1.5708,0,0+0i,0,0.25,9,HbO2
1.5708,0,0+0i,0,0.26667,9,HbO2
1.5708,0,0+0i,0,0.28333,9,HbO2
1.5708,0,0+0i,0,0.3,9,HbO2
1.5708,0,0+0i,0,0.31667,9,HbO2
1.5708,0,0+0i,0,0.33333,9,HbO2
1.5708,0,0+0i,0,0.35,9,HbO2
1.5708,0,0+0i,0,0.36667,9,HbO2
1.5708,0,0+0i,0,0.38333,9,HbO2
1.5708,0,0+0i,0,0.4,9,HbO2
1.5708,0,0+0i,0,0.41667,9,HbO2
1.5708,0,0+0i,0,0.43333,9,HbO2
1.5708,0,0+0i,0,0.45,9,HbO2
1.5708,0,0+0i,0,0.46667,9,HbO2
1.5708,0,0+0i,0,0.48333,9,HbO2
1.5708,0,0+0i,0,0.5,9,HbO2
1.5708,0,0+0i,0,0.51667,9,HbO2
-1.5708,1.9237e-16,1.9237e-16+0i,0,0.53333,9,HbO2
-1.5708,1.9237e-16,1.9237e-16+0i,0,0.55,9,HbO2
-1.5708,1.9237e-16,1.9237e-16+0i,0,0.56667,9,HbO2
-1.5708,1.9237e-16,1.9237e-16+0i,0,0.58333,9,HbO2
-1.5708,1.9237e-16,1.9237e-16+0i,0,0.6,9,HbO2
-1.5708,1.9237e-16,1.9237e-16+0i,0,0.61667,9,HbO2
-1.5708,1.9237e-16,1.9237e-16+0i,0,0.63333,9,HbO2
-1.5708,1.9237e-16,1.9237e-16+0i,0,0.65,9,HbO2
-1.5708,1.9237e-16,1.9237e-16+0i,0,0.66667,9,HbO2
1.5708,0,0+0i,0,0.68333,9,HbO2
1.5708,0,0+0i,0,0.7,9,HbO2
1.5708,0,0+0i,0,0.71667,9,HbO2
1.5708,0,0+0i,0,0.73333,9,HbO2
1.5708,0,0+0i,0,0.75,9,HbO2
1.5708,0,0+0i,0,0.76667,9,HbO2
1.5708,0,0+0i,0,0.78333,9,HbO2
1.5708,0,0+0i,0,0.8,9,HbO2
1.5708,0,0+0i,0,0.81667,9,HbO2
1.5708,0,0+0i,0,0.83333,9,HbO2
1.5708,0,0+0i,0,0.85,9,HbO2
1.5708,0,0+0i,0,0.86667,9,HbO2
1.5708,0,0+0i,0,0.88333,9,HbO2
1.5708,0,0+0i,0,0.9,9,HbO2
1.5708,0,0+0i,0,0.91667,9,HbO2
1.5708,0,0+0i,0,0.93333,9,HbO2
1.5708,0,0+0i,0,0.95,9,HbO2
1.5708,0,0+0i,0,0.96667,9,HbO2
1.5708,0,0+0i,0,0.98333,9,HbO2
1.5708,0,0+0i,0,0,10,HbO2
1.5708,0,0+0i,0,0.016667,10,HbO2
1.5708,0,0+0i,0,0.033333,10,HbO2
-1.5708,1.9237e-16,1.9237e-16+0i,0,0.066667,10,HbO2
-1.5708,1.9237e-16,1.9237e-16+0i,0,0.083333,10,HbO2
-1.5708,1.9237e-16,1.9237e-16+0i,0,0.1,10,HbO2
1.5708,0,0+0i,0,0.11667,10,HbO2
1.5708,0,0+0i,0,0.13333,10,HbO2
1.5708,0,0+0i,0,0.15,10,HbO2
1.5708,0,0+0i,0,0.16667,10,HbO2
1.5708,0,0+0i,0,0.18333,10,HbO2
1.5708,0,0+0i,0,0.2,10,HbO2
1.5708,0,0+0i,0,0.21667,10,HbO2
1.5708,0,0+0i,0,0.23333,10,HbO2
1.5708,0,0+0i,0,0.25,10,HbO2
1.5708,0,0+0i,0,0.26667,10,HbO2
1.5708,0,0+0i,0,0.28333,10,HbO2
1.5708,0,0+0i,0,0.3,10,HbO2
1.5708,0,0+0i,0,0.31667,10,HbO2
1.5708,0,0+0i,0,0.33333,10,HbO2
1.5708,0,0+0i,0,0.35,10,HbO2
1.5708,0,0+0i,0,0.36667,10,HbO2
1.5708,0,0+0i,0,0.38333,10,HbO2
1.5708,0,0+0i,0,0.4,10,HbO2
1.5708,0,0+0i,0,0.41667,10,HbO2
1.5708,0,0+0i,0,0.43333,10,HbO2
1.5708,0,0+0i,0,0.45,10,HbO2
1.5708,0,0+0i,0,0.46667,10,HbO2
1.5708,0,0+0i,0,0.48333,10,HbO2
1.5708,0,0+0i,0,0.5,10,HbO2
1.5708,0,0+0i,0,0.51667,10,HbO2
1.5708,0,0+0i,0,0.53333,10,HbO2
-1.5708,1.9237e-16,1.9237e-16+0i,0,0.56667,10,HbO2
-1.5708,1.9237e-16,1.9237e-16+0i,0,0.58333,10,HbO2
0.54159,1.4745,1.5708-0.93924i,0.02,0.6,10,HbO2
1.5708,0,0+0i,0,0.61667,10,HbO2
1.5708,0,0+0i,0,0.63333,10,HbO2
1.5708,0,0+0i,0,0.65,10,HbO2
1.5708,0,0+0i,0,0.66667,10,HbO2
1.5708,0,0+0i,0,0.68333,10,HbO2
1.5708,0,0+0i,0,0.7,10,HbO2
1.5708,0,0+0i,0,0.71667,10,HbO2
1.5708,0,0+0i,0,0.73333,10,HbO2
1.5708,0,0+0i,0,0.75,10,HbO2
1.5708,0,0+0i,0,0.76667,10,HbO2
1.5708,0,0+0i,0,0.78333,10,HbO2
1.5708,0,0+0i,0,0.8,10,HbO2
1.5708,0,0+0i,0,0.81667,10,HbO2
1.5708,0,0+0i,0,0.83333,10,HbO2
1.5708,0,0+0i,0,0.85,10,HbO2
1.5708,0,0+0i,0,0.86667,10,HbO2
1.5708,0,0+0i,0,0.88333,10,HbO2
1.5708,0,0+0i,0,0.9,10,HbO2
1.5708,0,0+0i,0,0.91667,10,HbO2
1.5708,0,0+0i,0,0.93333,10,HbO2
1.5708,0,0+0i,0,0.95,10,HbO2
1.5708,0,0+0i,0,0.96667,10,HbO2
1.5708,0,0+0i,0,0.98333,10,HbO2
1.5708,0,0+0i,0,0,11,HbO2
1.5708,0,0+0i,0,0.016667,11,HbO2
-1.5708,1.9237e-16,1.9237e-16+0i,0,0.033333,11,HbO2
-1.5708,1.9237e-16,1.9237e-16+0i,0,0.05,11,HbO2
-1.5708,1.9237e-16,1.9237e-16+0i,0,0.066667,11,HbO2
-1.5708,1.9237e-16,1.9237e-16+0i,0,0.083333,11,HbO2
-1.5708,1.9237e-16,1.9237e-16+0i,0,0.1,11,HbO2
-1.5708,1.9237e-16,1.9237e-16+0i,0,0.11667,11,HbO2
-1.5708,1.9237e-16,1.9237e-16+0i,0,0.13333,11,HbO2
-1.5708,1.9237e-16,1.9237e-16+0i,0,0.15,11,HbO2
-0.010764,1.5708,1.5708-1.0232i,0.02,0.16667,11,HbO2
1.5708,0,0+0i,0,0.18333,11,HbO2
1.5708,0,0+0i,0,0.2,11,HbO2
1.5708,0,0+0i,0,0.21667,11,HbO2
1.5708,0,0+0i,0,0.23333,11,HbO2
1.5708,0,0+0i,0,0.25,11,HbO2
1.5708,0,0+0i,0,0.26667,11,HbO2
1.5708,0,0+0i,0,0.28333,11,HbO2
1.5708,0,0+0i,0,0.3,11,HbO2
1.5708,0,0+0i,0,0.31667,11,HbO2
1.5708,0,0+0i,0,0.33333,11,HbO2
1.5708,0,0+0i,0,0.35,11,HbO2
1.5708,0,0+0i,0,0.36667,11,HbO2
1.5708,0,0+0i,0,0.38333,11,HbO2
1.5708,0,0+0i,0,0.4,11,HbO2
1.5708,0,0+0i,0,0.41667,11,HbO2
1.5708,0,0+0i,0,0.43333,11,HbO2
1.5708,0,0+0i,0,0.45,11,HbO2
1.5708,0,0+0i,0,0.46667,11,HbO2
1.5708,0,0+0i,0,0.48333,11,HbO2
1.5708,0,0+0i,0,0.5,11,HbO2
1.5708,0,0+0i,0,0.51667,11,HbO2
-1.5708,1.9237e-16,1.9237e-16+0i,0,0.53333,11,HbO2
-1.5708,1.9237e-16,1.9237e-16+0i,0,0.55,11,HbO2
-1.5708,1.9237e-16,1.9237e-16+0i,0,0.56667,11,HbO2
-1.5708,1.9237e-16,1.9237e-16+0i,0,0.58333,11,HbO2
-1.5708,1.9237e-16,1.9237e-16+0i,0,0.6,11,HbO2
-1.5708,1.9237e-16,1.9237e-16+0i,0,0.61667,11,HbO2
-1.5708,1.9237e-16,1.9237e-16+0i,0,0.63333,11,HbO2
-1.5708,1.9237e-16,1.9237e-16+0i,0,0.65,11,HbO2
-0.2105,1.5566,1.5708-1.0114i,0.02,0.66667,11,HbO2
1.5708,0,0+0i,0,0.68333,11,HbO2
1.5708,0,0+0i,0,0.7,11,HbO2
1.5708,0,0+0i,0,0.71667,11,HbO2
1.5708,0,0+0i,0,0.73333,11,HbO2
1.5708,0,0+0i,0,0.75,11,HbO2
1.5708,0,0+0i,0,0.76667,11,HbO2
1.5708,0,0+0i,0,0.78333,11,HbO2
1.5708,0,0+0i,0,0.8,11,HbO2
1.5708,0,0+0i,0,0.81667,11,HbO2
1.5708,0,0+0i,0,0.83333,11,HbO2
1.5708,0,0+0i,0,0.85,11,HbO2
1.5708,0,0+0i,0,0.86667,11,HbO2
1.5708,0,0+0i,0,0.88333,11,HbO2
1.5708,0,0+0i,0,0.9,11,HbO2
1.5708,0,0+0i,0,0.91667,11,HbO2
1.5708,0,0+0i,0,0.93333,11,HbO2
1.5708,0,0+0i,0,0.95,11,HbO2
1.5708,0,0+0i,0,0.96667,11,HbO2
1.5708,0,0+0i,0,0.98333,11,HbO2
1.5708,0,0+0i,0,0,12,HbO2
1.5708,0,0+0i,0,0.016667,12,HbO2
1.5708,0,0+0i,0,0.033333,12,HbO2
1.5708,0,0+0i,0,0.05,12,HbO2
-0.097311,1.5678,1.5708-1.0207i,0.02,0.083333,12,HbO2
1.5708,0,0+0i,0,0.1,12,HbO2
1.5708,0,0+0i,0,0.11667,12,HbO2
1.5708,0,0+0i,0,0.13333,12,HbO2
1.5708,0,0+0i,0,0.15,12,HbO2
1.5708,0,0+0i,0,0.16667,12,HbO2
1.5708,0,0+0i,0,0.18333,12,HbO2
1.5708,0,0+0i,0,0.2,12,HbO2
1.5708,0,0+0i,0,0.21667,12,HbO2
1.5708,0,0+0i,0,0.23333,12,HbO2
1.5708,0,0+0i,0,0.25,12,HbO2
1.5708,0,0+0i,0,0.26667,12,HbO2
1.5708,0,0+0i,0,0.28333,12,HbO2
1.5708,0,0+0i,0,0.3,12,HbO2
1.5708,0,0+0i,0,0.31667,12,HbO2
1.5708,0,0+0i,0,0.33333,12,HbO2
1.5708,0,0+0i,0,0.35,12,HbO2
1.5708,0,0+0i,0,0.36667,12,HbO2
1.5708,0,0+0i,0,0.38333,12,HbO2
1.5708,0,0+0i,0,0.4,12,HbO2
1.5708,0,0+0i,0,0.41667,12,HbO2
1.5708,0,0+0i,0,0.43333,12,HbO2
1.5708,0,0+0i,0,0.45,12,HbO2
1.5708,0,0+0i,0,0.46667,12,HbO2
1.5708,0,0+0i,0,0.48333,12,HbO2
1.5708,0,0+0i,0,0.5,12,HbO2
1.5708,0,0+0i,0,0.51667,12,HbO2
1.5708,0,0+0i,0,0.53333,12,HbO2
1.5708,0,0+0i,0,0.55,12,HbO2
1.5708,0,0+0i,0,0.56667,12,HbO2
1.5708,0,0+0i,0,0.58333,12,HbO2
1.5708,0,0+0i,0,0.6,12,HbO2
1.5708,0,0+0i,0,0.61667,12,HbO2
1.5708,0,0+0i,0,0.63333,12,HbO2
1.5708,0,0+0i,0,0.65,12,HbO2
1.5708,0,0+0i,0,0.66667,12,HbO2
1.5708,0,0+0i,0,0.68333,12,HbO2
1.5708,0,0+0i,0,0.7,12,HbO2
1.5708,0,0+0i,0,0.71667,12,HbO2
1.5708,0,0+0i,0,0.73333,12,HbO2
1.5708,0,0+0i,0,0.75,12,HbO2
1.5708,0,0+0i,0,0.76667,12,HbO2
1.5708,0,0+0i,0,0.78333,12,HbO2
1.5708,0,0+0i,0,0.8,12,HbO2
1.5708,0,0+0i,0,0.81667,12,HbO2
1.5708,0,0+0i,0,0.83333,12,HbO2
1.5708,0,0+0i,0,0.85,12,HbO2
1.5708,0,0+0i,0,0.86667,12,HbO2
1.5708,0,0+0i,0,0.88333,12,HbO2
1.5708,0,0+0i,0,0.9,12,HbO2
1.5708,0,0+0i,0,0.91667,12,HbO2
1.5708,0,0+0i,0,0.93333,12,HbO2
1.5708,0,0+0i,0,0.95,12,HbO2
1.5708,0,0+0i,0,0.96667,12,HbO2
1.5708,0,0+0i,0,0.98333,12,HbO2
-1.5708,1.9237e-16,1.9237e-16+0i,0,0,13,HbO2
-1.5708,1.9237e-16,1.9237e-16+0i,0,0.016667,13,HbO2
-1.5708,1.9237e-16,1.9237e-16+0i,0,0.033333,13,HbO2
-1.5708,1.9237e-16,1.9237e-16+0i,0,0.05,13,HbO2
-1.5708,1.9237e-16,1.9237e-16+0i,0,0.066667,13,HbO2
-1.5708,1.9237e-16,1.9237e-16+0i,0,0.083333,13,HbO2
-1.5708,1.9237e-16,1.9237e-16+0i,0,0.1,13,HbO2
-1.5708,1.9237e-16,1.9237e-16+0i,0,0.11667,13,HbO2
-1.5708,1.9237e-16,1.9237e-16+0i,0,0.13333,13,HbO2
-1.5708,1.9237e-16,1.9237e-16+0i,0,0.15,13,HbO2
-1.5708,1.9237e-16,1.9237e-16+0i,0,0.16667,13,HbO2
-1.5708,1.9237e-16,1.9237e-16+0i,0,0.18333,13,HbO2
-1.5708,1.9237e-16,1.9237e-16+0i,0,0.2,13,HbO2
-1.5708,1.9237e-16,1.9237e-16+0i,0,0.21667,13,HbO2
-1.5708,1.9237e-16,1.9237e-16+0i,0,0.23333,13,HbO2
-1.5708,1.9237e-16,1.9237e-16+0i,0,0.25,13,HbO2
-1.5708,1.9237e-16,1.9237e-16+0i,0,0.26667,13,HbO2
-1.5708,1.9237e-16,1.9237e-16+0i,0,0.28333,13,HbO2
-1.5708,1.9237e-16,1.9237e-16+0i,0,0.3,13,HbO2
-1.5708,1.9237e-16,1.9237e-16+0i,0,0.31667,13,HbO2
-1.5708,1.9237e-16,1.9237e-16+0i,0,0.33333,13,HbO2
-1.5708,1.9237e-16,1.9237e-16+0i,0,0.35,13,HbO2
-1.5708,1.9237e-16,1.9237e-16+0i,0,0.36667,13,HbO2
-1.5708,1.9237e-16,1.9237e-16+0i,0,0.38333,13,HbO2
-1.5708,1.9237e-16,1.9237e-16+0i,0,0.4,13,HbO2
-1.5708,1.9237e-16,1.9237e-16+0i,0,0.41667,13,HbO2
-1.5708,1.9237e-16,1.9237e-16+0i,0,0.43333,13,HbO2
-1.5708,1.9237e-16,1.9237e-16+0i,0,0.45,13,HbO2
-1.5708,1.9237e-16,1.9237e-16+0i,0,0.46667,13,HbO2
-1.5708,1.9237e-16,1.9237e-16+0i,0,0.48333,13,HbO2
-1.5708,1.9237e-16,1.9237e-16+0i,0,0.5,13,HbO2
-1.5708,1.9237e-16,1.9237e-16+0i,0,0.51667,13,HbO2
-1.5708,1.9237e-16,1.9237e-16+0i,0,0.53333,13,HbO2
-1.5708,1.9237e-16,1.9237e-16+0i,0,0.55,13,HbO2
-1.5708,1.9237e-16,1.9237e-16+0i,0,0.56667,13,HbO2
-1.5708,1.9237e-16,1.9237e-16+0i,0,0.58333,13,HbO2
-1.5708,1.9237e-16,1.9237e-16+0i,0,0.6,13,HbO2
-1.5708,1.9237e-16,1.9237e-16+0i,0,0.61667,13,HbO2
-1.5708,1.9237e-16,1.9237e-16+0i,0,0.63333,13,HbO2
-1.5708,1.9237e-16,1.9237e-16+0i,0,0.65,13,HbO2
-1.5708,1.9237e-16,1.9237e-16+0i,0,0.66667,13,HbO2
-1.5708,1.9237e-16,1.9237e-16+0i,0,0.68333,13,HbO2
-1.5708,1.9237e-16,1.9237e-16+0i,0,0.7,13,HbO2
-1.5708,1.9237e-16,1.9237e-16+0i,0,0.71667,13,HbO2
-1.5708,1.9237e-16,1.9237e-16+0i,0,0.73333,13,HbO2
-1.5708,1.9237e-16,1.9237e-16+0i,0,0.75,13,HbO2
-1.5708,1.9237e-16,1.9237e-16+0i,0,0.76667,13,HbO2
-1.5708,1.9237e-16,1.9237e-16+0i,0,0.78333,13,HbO2
-1.5708,1.9237e-16,1.9237e-16+0i,0,0.8,13,HbO2
-1.5708,1.9237e-16,1.9237e-16+0i,0,0.81667,13,HbO2
-1.5708,1.9237e-16,1.9237e-16+0i,0,0.83333,13,HbO2
-1.5708,1.9237e-16,1.9237e-16+0i,0,0.85,13,HbO2
-1.5708,1.9237e-16,1.9237e-16+0i,0,0.86667,13,HbO2
-1.5708,1.9237e-16,1.9237e-16+0i,0,0.88333,13,HbO2
-1.5708,1.9237e-16,1.9237e-16+0i,0,0.9,13,HbO2
-1.5708,1.9237e-16,1.9237e-16+0i,0,0.91667,13,HbO2
-1.5708,1.9237e-16,1.9237e-16+0i,0,0.93333,13,HbO2
-1.5708,1.9237e-16,1.9237e-16+0i,0,0.95,13,HbO2
-1.5708,1.9237e-16,1.9237e-16+0i,0,0.96667,13,HbO2
-1.5708,1.9237e-16,1.9237e-16+0i,0,0.98333,13,HbO2
-1.5708,1.9237e-16,1.9237e-16+0i,0,0,14,HbO2
-1.5708,1.9237e-16,1.9237e-16+0i,0,0.016667,14,HbO2
-1.5708,1.9237e-16,1.9237e-16+0i,0,0.033333,14,HbO2
-1.5708,1.9237e-16,1.9237e-16+0i,0,0.05,14,HbO2
-1.5708,1.9237e-16,1.9237e-16+0i,0,0.066667,14,HbO2
-1.5708,1.9237e-16,1.9237e-16+0i,0,0.083333,14,HbO2
-1.5708,1.9237e-16,1.9237e-16+0i,0,0.1,14,HbO2
-1.5708,1.9237e-16,1.9237e-16+0i,0,0.11667,14,HbO2
-1.5708,1.9237e-16,1.9237e-16+0i,0,0.13333,14,HbO2
-1.5708,1.9237e-16,1.9237e-16+0i,0,0.15,14,HbO2
-1.5708,1.9237e-16,1.9237e-16+0i,0,0.16667,14,HbO2
-1.5708,1.9237e-16,1.9237e-16+0i,0,0.18333,14,HbO2
-1.5708,1.9237e-16,1.9237e-16+0i,0,0.2,14,HbO2
-1.5708,1.9237e-16,1.9237e-16+0i,0,0.21667,14,HbO2
-1.5708,1.9237e-16,1.9237e-16+0i,0,0.23333,14,HbO2
-1.5708,1.9237e-16,1.9237e-16+0i,0,0.25,14,HbO2
-1.5708,1.9237e-16,1.9237e-16+0i,0,0.26667,14,HbO2
-1.5708,1.9237e-16,1.9237e-16+0i,0,0.28333,14,HbO2
-1.5708,1.9237e-16,1.9237e-16+0i,0,0.3,14,HbO2
-1.5708,1.9237e-16,1.9237e-16+0i,0,0.31667,14,HbO2
-1.5708,1.9237e-16,1.9237e-16+0i,0,0.33333,14,HbO2
-1.5708,1.9237e-16,1.9237e-16+0i,0,0.35,14,HbO2
-1.5708,1.9237e-16,1.9237e-16+0i,0,0.36667,14,HbO2
-1.5708,1.9237e-16,1.9237e-16+0i,0,0.38333,14,HbO2
-1.5708,1.9237e-16,1.9237e-16+0i,0,0.4,14,HbO2
-1.5708,1.9237e-16,1.9237e-16+0i,0,0.41667,14,HbO2
-1.5708,1.9237e-16,1.9237e-16+0i,0,0.43333,14,HbO2
-1.5708,1.9237e-16,1.9237e-16+0i,0,0.45,14,HbO2
-1.5708,1.9237e-16,1.9237e-16+0i,0,0.46667,14,HbO2
-1.5708,1.9237e-16,1.9237e-16+0i,0,0.48333,14,HbO2
-1.5708,1.9237e-16,1.9237e-16+0i,0,0.5,14,HbO2
-1.5708,1.9237e-16,1.9237e-16+0i,0,0.51667,14,HbO2
-1.5708,1.9237e-16,1.9237e-16+0i,0,0.53333,14,HbO2
-1.5708,1.9237e-16,1.9237e-16+0i,0,0.55,14,HbO2
-1.5708,1.9237e-16,1.9237e-16+0i,0,0.56667,14,HbO2
-1.5708,1.9237e-16,1.9237e-16+0i,0,0.58333,14,HbO2
-1.5708,1.9237e-16,1.9237e-16+0i,0,0.6,14,HbO2
-1.5708,1.9237e-16,1.9237e-16+0i,0,0.61667,14,HbO2
-1.5708,1.9237e-16,1.9237e-16+0i,0,0.63333,14,HbO2
-1.5708,1.9237e-16,1.9237e-16+0i,0,0.65,14,HbO2
-1.5708,1.9237e-16,1.9237e-16+0i,0,0.66667,14,HbO2
-1.5708,1.9237e-16,1.9237e-16+0i,0,0.68333,14,HbO2
-1.5708,1.9237e-16,1.9237e-16+0i,0,0.7,14,HbO2
-1.5708,1.9237e-16,1.9237e-16+0i,0,0.71667,14,HbO2
-1.5708,1.9237e-16,1.9237e-16+0i,0,0.73333,14,HbO2
-1.5708,1.9237e-16,1.9237e-16+0i,0,0.75,14,HbO2
-1.5708,1.9237e-16,1.9237e-16+0i,0,0.76667,14,HbO2
-1.5708,1.9237e-16,1.9237e-16+0i,0,0.78333,14,HbO2
-1.5708,1.9237e-16,1.9237e-16+0i,0,0.8,14,HbO2
-1.5708,1.9237e-16,1.9237e-16+0i,0,0.81667,14,HbO2
-1.5708,1.9237e-16,1.9237e-16+0i,0,0.83333,14,HbO2
-1.5708,1.9237e-16,1.9237e-16+0i,0,0.85,14,HbO2
-1.5708,1.9237e-16,1.9237e-16+0i,0,0.86667,14,HbO2
-1.5708,1.9237e-16,1.9237e-16+0i,0,0.88333,14,HbO2
-1.5708,1.9237e-16,1.9237e-16+0i,0,0.9,14,HbO2
-1.5708,1.9237e-16,1.9237e-16+0i,0,0.91667,14,HbO2
-1.5708,1.9237e-16,1.9237e-16+0i,0,0.93333,14,HbO2
-1.5708,1.9237e-16,1.9237e-16+0i,0,0.95,14,HbO2
-1.5708,1.9237e-16,1.9237e-16+0i,0,0.96667,14,HbO2
-1.5708,1.9237e-16,1.9237e-16+0i,0,0.98333,14,HbO2
-1.5708,1.9237e-16,1.9237e-16+0i,0,0,15,HbO2
-1.5708,1.9237e-16,1.9237e-16+0i,0,0.016667,15,HbO2
-1.5708,1.9237e-16,1.9237e-16+0i,0,0.033333,15,HbO2
-1.5708,1.9237e-16,1.9237e-16+0i,0,0.05,15,HbO2
-1.5708,1.9237e-16,1.9237e-16+0i,0,0.066667,15,HbO2
-1.5708,1.9237e-16,1.9237e-16+0i,0,0.083333,15,HbO2
-1.5708,1.9237e-16,1.9237e-16+0i,0,0.1,15,HbO2
-1.5708,1.9237e-16,1.9237e-16+0i,0,0.11667,15,HbO2
-1.5708,1.9237e-16,1.9237e-16+0i,0,0.13333,15,HbO2
-1.5708,1.9237e-16,1.9237e-16+0i,0,0.15,15,HbO2
-1.5708,1.9237e-16,1.9237e-16+0i,0,0.16667,15,HbO2
-1.5708,1.9237e-16,1.9237e-16+0i,0,0.18333,15,HbO2
-1.5708,1.9237e-16,1.9237e-16+0i,0,0.2,15,HbO2
-1.5708,1.9237e-16,1.9237e-16+0i,0,0.21667,15,HbO2
-1.5708,1.9237e-16,1.9237e-16+0i,0,0.23333,15,HbO2
-1.5708,1.9237e-16,1.9237e-16+0i,0,0.25,15,HbO2
-1.5708,1.9237e-16,1.9237e-16+0i,0,0.26667,15,HbO2
-1.5708,1.9237e-16,1.9237e-16+0i,0,0.28333,15,HbO2
-1.5708,1.9237e-16,1.9237e-16+0i,0,0.3,15,HbO2
-1.5708,1.9237e-16,1.9237e-16+0i,0,0.31667,15,HbO2
-1.5708,1.9237e-16,1.9237e-16+0i,0,0.33333,15,HbO2
-1.5708,1.9237e-16,1.9237e-16+0i,0,0.35,15,HbO2
-1.5708,1.9237e-16,1.9237e-16+0i,0,0.36667,15,HbO2
-1.5708,1.9237e-16,1.9237e-16+0i,0,0.38333,15,HbO2
-1.5708,1.9237e-16,1.9237e-16+0i,0,0.4,15,HbO2
-1.5708,1.9237e-16,1.9237e-16+0i,0,0.41667,15,HbO2
-1.5708,1.9237e-16,1.9237e-16+0i,0,0.43333,15,HbO2
-1.5708,1.9237e-16,1.9237e-16+0i,0,0.45,15,HbO2
-1.5708,1.9237e-16,1.9237e-16+0i,0,0.46667,15,HbO2
-1.5708,1.9237e-16,1.9237e-16+0i,0,0.48333,15,HbO2
-1.5708,1.9237e-16,1.9237e-16+0i,0,0.5,15,HbO2
-1.5708,1.9237e-16,1.9237e-16+0i,0,0.51667,15,HbO2
-1.5708,1.9237e-16,1.9237e-16+0i,0,0.53333,15,HbO2
-1.5708,1.9237e-16,1.9237e-16+0i,0,0.55,15,HbO2
-1.5708,1.9237e-16,1.9237e-16+0i,0,0.56667,15,HbO2
-1.5708,1.9237e-16,1.9237e-16+0i,0,0.58333,15,HbO2
-1.5708,1.9237e-16,1.9237e-16+0i,0,0.6,15,HbO2
-1.5708,1.9237e-16,1.9237e-16+0i,0,0.61667,15,HbO2
-1.5708,1.9237e-16,1.9237e-16+0i,0,0.63333,15,HbO2
-1.5708,1.9237e-16,1.9237e-16+0i,0,0.65,15,HbO2
-1.5708,1.9237e-16,1.9237e-16+0i,0,0.66667,15,HbO2
-1.5708,1.9237e-16,1.9237e-16+0i,0,0.68333,15,HbO2
-1.5708,1.9237e-16,1.9237e-16+0i,0,0.7,15,HbO2
-1.5708,1.9237e-16,1.9237e-16+0i,0,0.71667,15,HbO2
-1.5708,1.9237e-16,1.9237e-16+0i,0,0.73333,15,HbO2
-1.5708,1.9237e-16,1.9237e-16+0i,0,0.75,15,HbO2
-1.5708,1.9237e-16,1.9237e-16+0i,0,0.76667,15,HbO2
-1.5708,1.9237e-16,1.9237e-16+0i,0,0.78333,15,HbO2
-1.5708,1.9237e-16,1.9237e-16+0i,0,0.8,15,HbO2
-1.5708,1.9237e-16,1.9237e-16+0i,0,0.81667,15,HbO2
-1.5708,1.9237e-16,1.9237e-16+0i,0,0.83333,15,HbO2
-1.5708,1.9237e-16,1.9237e-16+0i,0,0.85,15,HbO2
-1.5708,1.9237e-16,1.9237e-16+0i,0,0.86667,15,HbO2
-1.5708,1.9237e-16,1.9237e-16+0i,0,0.88333,15,HbO2
-1.5708,1.9237e-16,1.9237e-16+0i,0,0.9,15,HbO2
-1.5708,1.9237e-16,1.9237e-16+0i,0,0.91667,15,HbO2
-1.5708,1.9237e-16,1.9237e-16+0i,0,0.93333,15,HbO2
-1.5708,1.9237e-16,1.9237e-16+0i,0,0.95,15,HbO2
-1.5708,1.9237e-16,1.9237e-16+0i,0,0.96667,15,HbO2
-1.5708,1.9237e-16,1.9237e-16+0i,0,0.98333,15,HbO2
-1.5708,1.9237e-16,1.9237e-16+0i,0,0,16,HbO2
-1.5708,1.9237e-16,1.9237e-16+0i,0,0.016667,16,HbO2
-1.5708,1.9237e-16,1.9237e-16+0i,0,0.033333,16,HbO2
-1.5708,1.9237e-16,1.9237e-16+0i,0,0.05,16,HbO2
-1.5708,1.9237e-16,1.9237e-16+0i,0,0.066667,16,HbO2
-1.5708,1.9237e-16,1.9237e-16+0i,0,0.083333,16,HbO2
-1.5708,1.9237e-16,1.9237e-16+0i,0,0.1,16,HbO2
-1.5708,1.9237e-16,1.9237e-16+0i,0,0.11667,16,HbO2
-1.5708,1.9237e-16,1.9237e-16+0i,0,0.13333,16,HbO2
-1.5708,1.9237e-16,1.9237e-16+0i,0,0.15,16,HbO2
-1.5708,1.9237e-16,1.9237e-16+0i,0,0.16667,16,HbO2
-1.5708,1.9237e-16,1.9237e-16+0i,0,0.18333,16,HbO2
-1.5708,1.9237e-16,1.9237e-16+0i,0,0.2,16,HbO2
-1.5708,1.9237e-16,1.9237e-16+0i,0,0.21667,16,HbO2
-1.5708,1.9237e-16,1.9237e-16+0i,0,0.23333,16,HbO2
-1.5708,1.9237e-16,1.9237e-16+0i,0,0.25,16,HbO2
-1.5708,1.9237e-16,1.9237e-16+0i,0,0.26667,16,HbO2
-1.5708,1.9237e-16,1.9237e-16+0i,0,0.28333,16,HbO2
-1.5708,1.9237e-16,1.9237e-16+0i,0,0.3,16,HbO2
-1.5708,1.9237e-16,1.9237e-16+0i,0,0.31667,16,HbO2
-1.5708,1.9237e-16,1.9237e-16+0i,0,0.33333,16,HbO2
-1.5708,1.9237e-16,1.9237e-16+0i,0,0.35,16,HbO2
-1.5708,1.9237e-16,1.9237e-16+0i,0,0.36667,16,HbO2
-1.5708,1.9237e-16,1.9237e-16+0i,0,0.38333,16,HbO2
-1.5708,1.9237e-16,1.9237e-16+0i,0,0.4,16,HbO2
-1.5708,1.9237e-16,1.9237e-16+0i,0,0.41667,16,HbO2
-1.5708,1.9237e-16,1.9237e-16+0i,0,0.43333,16,HbO2
-1.5708,1.9237e-16,1.9237e-16+0i,0,0.45,16,HbO2
-1.5708,1.9237e-16,1.9237e-16+0i,0,0.46667,16,HbO2
-1.5708,1.9237e-16,1.9237e-16+0i,0,0.48333,16,HbO2
-1.5708,1.9237e-16,1.9237e-16+0i,0,0.5,16,HbO2
-1.5708,1.9237e-16,1.9237e-16+0i,0,0.51667,16,HbO2
-1.5708,1.9237e-16,1.9237e-16+0i,0,0.53333,16,HbO2
-1.5708,1.9237e-16,1.9237e-16+0i,0,0.55,16,HbO2
-1.5708,1.9237e-16,1.9237e-16+0i,0,0.56667,16,HbO2
-1.5708,1.9237e-16,1.9237e-16+0i,0,0.58333,16,HbO2
-1.5708,1.9237e-16,1.9237e-16+0i,0,0.6,16,HbO2
-1.5708,1.9237e-16,1.9237e-16+0i,0,0.61667,16,HbO2
-1.5708,1.9237e-16,1.9237e-16+0i,0,0.63333,16,HbO2
-1.5708,1.9237e-16,1.9237e-16+0i,0,0.65,16,HbO2
-1.5708,1.9237e-16,1.9237e-16+0i,0,0.66667,16,HbO2
-1.5708,1.9237e-16,1.9237e-16+0i,0,0.68333,16,HbO2
-1.5708,1.9237e-16,1.9237e-16+0i,0,0.7,16,HbO2
-1.5708,1.9237e-16,1.9237e-16+0i,0,0.71667,16,HbO2
-1.5708,1.9237e-16,1.9237e-16+0i,0,0.73333,16,HbO2
-1.5708,1.9237e-16,1.9237e-16+0i,0,0.75,16,HbO2
-1.5708,1.9237e-16,1.9237e-16+0i,0,0.76667,16,HbO2
-1.5708,1.9237e-16,1.9237e-16+0i,0,0.78333,16,HbO2
-1.5708,1.9237e-16,1.9237e-16+0i,0,0.8,16,HbO2
-1.5708,1.9237e-16,1.9237e-16+0i,0,0.81667,16,HbO2
-1.5708,1.9237e-16,1.9237e-16+0i,0,0.83333,16,HbO2
-1.5708,1.9237e-16,1.9237e-16+0i,0,0.85,16,HbO2
-1.5708,1.9237e-16,1.9237e-16+0i,0,0.86667,16,HbO2
-1.5708,1.9237e-16,1.9237e-16+0i,0,0.88333,16,HbO2
-1.5708,1.9237e-16,1.9237e-16+0i,0,0.9,16,HbO2
-1.5708,1.9237e-16,1.9237e-16+0i,0,0.91667,16,HbO2
-1.5708,1.9237e-16,1.9237e-16+0i,0,0.93333,16,HbO2
-1.5708,1.9237e-16,1.9237e-16+0i,0,0.95,16,HbO2
-1.5708,1.9237e-16,1.9237e-16+0i,0,0.96667,16,HbO2
-1.5708,1.9237e-16,1.9237e-16+0i,0,0.98333,16,HbO2
